  3.095439076423645E-002
  1.380632165819407E-002
  2.802939899265766E-002
  3.804981708526611E-002
  1.587679609656334E-002
  3.172213956713676E-002
  7.101200520992279E-002
  6.065407767891884E-003
  8.189816027879715E-003
  7.128636538982391E-002
  9.161437861621380E-003
  1.339816953986883E-002
 -4.884028458036482E-004
 -1.747443526983261E-002
 -8.559542894363403E-002
 -0.115037888288498     
 -6.242289766669273E-002
 -2.471775189042091E-002
  1.483238767832518E-002
  2.336985431611538E-002
  4.304085299372673E-002
  6.914979964494705E-002
  8.892043679952621E-002
  5.181111022830009E-002
  2.914466708898544E-002
  3.587407618761063E-002
  5.670794751495123E-003
  6.431889487430453E-004
  0.144679635763168     
 -4.367012530565262E-002
 -6.101546064019203E-002
 -1.231129560619593E-002
  4.797334782779217E-003
 -5.587471969192848E-005
 -2.238265937194228E-003
  3.678843611851335E-003
  5.123001988977194E-003
  2.700800262391567E-002
  6.905740592628717E-003
  1.703613251447678E-002
  9.343440644443035E-003
  1.795050501823425E-002
  7.879466749727726E-003
 -4.687346052378416E-003
  1.551141683012247E-002
 -2.521585486829281E-002
 -7.977475412189960E-003
 -1.813678815960884E-002
 -2.164575457572937E-002
  3.725045174360275E-002
  1.571246981620789E-002
  2.951997891068459E-002
  1.270084362477064E-002
  2.464623562991619E-002
  3.457592055201530E-002
  1.499391905963421E-002
  2.997503802180290E-002
  6.635417789220810E-002
  5.335640627890825E-003
  7.740235887467861E-003
  6.936215609312057E-002
  8.329071104526520E-003
  1.956353196874261E-003
 -1.900432514958084E-003
  4.573379177600145E-003
 -3.364687785506248E-002
 -4.631146416068077E-002
 -4.009761661291122E-002
 -1.688237115740776E-002
  1.204158551990986E-002
  1.963948830962181E-002
  3.958659619092941E-002
  6.127171218395233E-002
  7.665389776229858E-002
  4.513052105903625E-002
  3.414595127105713E-002
  3.499772027134895E-002
  4.942166619002819E-003
  8.089147740975022E-004
  0.190784305334091     
 -3.153861267492175E-003
 -6.493586301803589E-002
 -1.129817566834390E-003
  4.000623710453510E-003
 -3.713145270012319E-005
 -4.739128053188324E-003
  3.085050266236067E-003
  4.554488696157932E-003
  2.419533394277096E-002
  3.998552914708853E-003
  1.806806772947311E-002
  1.163449510931969E-002
  1.575704291462898E-002
  6.596257910132408E-003
 -2.042251639068127E-003
  1.594634167850018E-002
 -2.500633709132671E-002
  4.721632692962885E-003
  6.069274968467653E-004
 -2.225072681903839E-002
  2.753077447414398E-002
  2.009936375543475E-003
  2.492157742381096E-002
  1.288844551891088E-002
  2.446354180574417E-002
  3.123307414352894E-002
  1.064940169453621E-002
  3.216994181275368E-002
  7.067006081342697E-002
  3.627691650763154E-003
  3.430708311498165E-003
  4.744772613048553E-002
  9.105338715016842E-003
  1.733908988535404E-002
 -3.935463726520538E-003
  5.305251106619835E-003
 -6.262528151273727E-002
 -5.174808204174042E-002
 -3.715711459517479E-002
 -9.742902591824532E-003
  1.183035969734192E-002
  1.513973996043205E-002
  3.908813744783401E-002
  6.516736745834351E-002
  8.023356646299362E-002
  4.592131450772285E-002
  2.471876889467239E-002
  3.453693166375160E-002
  1.175858429633081E-003
 -3.570839762687683E-004
  0.174519583582878     
 -2.884770801756531E-004
 -7.414370030164719E-002
 -4.452803987078369E-004
  3.591852262616158E-003
 -2.915001532528549E-004
 -5.368465092033148E-003
  2.884389366954565E-003
  4.654578864574432E-003
  2.639841660857201E-002
 -6.422624574042857E-004
  1.588484458625317E-002
  4.789343103766441E-003
  2.326053800061345E-003
 -7.680180482566357E-003
 -3.944384399801493E-003
  1.478995010256767E-002
  1.403683854732662E-004
  1.410595793277025E-002
  3.716816008090973E-002
 -2.495180442929268E-002
  1.731249503791332E-002
  3.784756409004331E-003
  3.546854248270392E-003
  9.603686630725861E-003
  1.122615486383438E-002
  1.716775633394718E-002
  1.410111784934998E-003
  2.224947884678841E-002
  4.499489814043045E-002
 -5.690149846486747E-004
 -1.140452641993761E-002
 -1.558303181082010E-002
  6.837855093181133E-003
 -2.889033872634172E-003
  2.007357310503721E-003
 -7.630032487213612E-003
 -7.188814133405685E-002
 -4.004289954900742E-002
 -5.318378098309040E-003
  2.746218582615256E-003
  3.702364163473248E-003
  6.458692951127887E-004
  1.611899584531784E-002
  4.086842387914658E-002
  6.014070287346840E-002
  3.653096407651901E-002
 -2.008823677897453E-003
  7.318894378840923E-003
 -7.192973513156176E-003
 -9.152673301286995E-004
  0.104195244610310     
 -4.115553945302963E-002
 -3.751083835959435E-002
  4.547297023236752E-003
  1.261162105947733E-003
 -1.028902945108712E-003
 -8.417691569775343E-004
  2.166244434192777E-003
  2.957669552415609E-003
  2.341334708034992E-002
 -1.656637527048588E-003
 -6.977459415793419E-004
 -1.093941088765860E-002
 -1.373488735407591E-002
 -2.271203510463238E-002
 -1.242788974195719E-002
  3.073327941820025E-003
  3.140240162611008E-002
  1.960202120244503E-002
  3.724667057394981E-002
 -1.617539487779140E-002
 -3.978535532951355E-003
 -1.449044677428901E-003
 -4.570410028100014E-002
 -3.140497719869018E-003
 -1.960622519254684E-002
 -3.248002380132675E-002
 -1.509261690080166E-002
 -7.252008188515902E-003
 -3.210997954010963E-002
 -6.470480468124151E-003
 -2.145732752978802E-002
 -8.711590617895126E-002
 -1.177771110087633E-002
 -1.180189661681652E-002
  6.045388057827950E-003
 -3.502771956846118E-003
 -6.999827921390533E-002
 -4.660018160939217E-002
  4.733160138130188E-002
  1.254189107567072E-002
 -1.559766847640276E-002
 -2.004431933164597E-002
 -4.175921529531479E-002
 -0.116240404546261     
 -9.988925606012344E-002
 -3.108803182840347E-002
 -3.276855871081352E-002
 -4.177489504218102E-002
 -1.833587139844894E-002
  1.173270167782903E-003
  1.564097590744495E-002
 -6.779388338327408E-002
 -9.280347824096680E-002
 -7.123688701540232E-003
 -1.405710726976395E-002
 -2.134220208972692E-003
  1.848935848101974E-003
  1.430745818652213E-003
 -3.493950469419360E-003
 -7.826394401490688E-003
 -9.680517949163914E-003
 -2.411869913339615E-002
 -1.606130599975586E-002
 -2.427279204130173E-002
 -2.150014974176884E-002
 -1.151272212155163E-003
 -2.499074488878250E-002
  3.656296059489250E-002
  2.115011028945446E-002
  2.818913012742996E-002
 -1.642210409045219E-002
 -1.953723467886448E-002
 -4.898823797702789E-003
 -7.938438653945923E-002
 -3.079385496675968E-002
 -7.501757144927979E-002
 -9.953414648771286E-002
 -2.383096329867840E-002
 -4.861955344676971E-002
 -7.871213555335999E-002
 -1.132245361804962E-002
 -2.174641005694866E-002
 -7.046175003051758E-002
 -4.552039504051208E-002
 -6.929213181138039E-003
  9.310481138527393E-003
 -6.015071179717779E-003
 -3.404175117611885E-002
 -5.588306114077568E-002
  1.281857863068581E-002
  1.490084081888199E-002
 -4.701628535985947E-002
 -3.323603421449661E-002
 -8.133053779602051E-002
 -0.253263771533966     
 -0.360890865325928     
 -0.218605265021324     
 -4.765757173299789E-002
 -5.990704149007797E-002
 -1.850220933556557E-002
  1.506939879618585E-003
 -0.100796505808830     
 -4.990111291408539E-002
 -7.758766412734985E-002
 -1.469719689339399E-003
 -2.768148481845856E-002
 -2.510857535526156E-003
  2.042908687144518E-003
 -2.391354879364371E-003
 -1.140659023076296E-002
 -5.933724716305733E-002
 -1.904267258942127E-002
 -2.194154262542725E-002
 -4.983891732990742E-003
 -1.908307522535324E-002
 -1.270000077784061E-002
 -5.092429462820292E-003
 -2.746907994151115E-002
  3.213734552264214E-002
  1.744027435779572E-002
  4.549419973045588E-003
 -1.146373432129622E-002
 -2.273332327604294E-002
 -1.891318010166287E-003
 -8.572815358638763E-002
 -4.302880913019180E-002
 -0.102743245661259     
 -0.132162600755692     
 -2.371813729405403E-002
 -7.313196361064911E-002
 -0.109091281890869     
 -1.769600994884968E-002
 -1.652405597269535E-002
 -6.259195506572723E-002
 -5.553288385272026E-002
 -3.156780079007149E-002
 -3.811344970017672E-003
 -2.291215583682060E-002
 -1.008869335055351E-002
 -1.846589520573616E-002
  1.599655859172344E-002
  1.447291206568480E-002
 -6.267664581537247E-002
 -3.043755702674389E-002
 -7.568239420652390E-002
 -0.245569214224815     
 -0.429755449295044     
 -0.315284222364426     
 -3.885333612561226E-002
 -4.795249179005623E-002
 -1.211233343929052E-002
  1.596475252881646E-003
 -0.147033303976059     
 -7.713508326560259E-003
 -3.372335433959961E-002
  9.392842766828835E-004
 -1.896067708730698E-002
 -2.382831415161490E-003
  1.466072979383171E-003
 -6.311599165201187E-003
 -1.801284775137901E-002
 -9.139066189527512E-002
 -3.413644060492516E-002
 -4.372043907642365E-002
 -1.124256756156683E-002
 -2.690581604838371E-002
 -5.130626261234283E-003
 -5.831147078424692E-003
 -2.101034112274647E-002
  3.405279247090220E-003
  1.662688795477152E-003
  3.115720115602016E-003
  7.909647189080715E-003
 -2.968481183052063E-002
 -6.189701147377491E-003
 -5.176582932472229E-002
 -2.403459325432777E-002
 -6.516762822866440E-002
 -0.113604187965393     
 -1.497149560600519E-002
 -6.355503946542740E-002
 -0.122384570538998     
 -1.393081434071064E-002
 -1.056416518986225E-002
 -5.648890137672424E-002
 -2.643529511988163E-002
 -4.874230548739433E-002
 -9.412216953933239E-003
 -3.417510166764259E-002
  4.829400777816772E-002
  2.442819625139236E-002
  9.337009862065315E-003
  1.096513401716948E-002
 -5.106524750590324E-002
 -2.250496856868267E-002
 -4.090167954564095E-002
 -0.143940389156342     
 -0.265077620744705     
 -0.215496733784676     
 -2.473662793636322E-002
 -3.045654855668545E-002
 -5.716742482036352E-003
 -2.869638148695230E-003
 -0.153875708580017     
 -6.401484832167625E-003
  1.998438872396946E-002
  2.497817156836390E-003
 -5.846361164003611E-003
 -1.396423787809908E-003
 -2.836510771885514E-003
 -5.449248012155294E-003
 -1.450012065470219E-002
 -6.698974967002869E-002
 -2.817489206790924E-002
 -4.950936138629913E-002
 -1.695296168327332E-002
 -2.448039501905441E-002
 -4.156464245170355E-003
 -4.572578240185976E-003
 -2.105070464313030E-002
 -4.387132078409195E-002
 -1.800638437271118E-002
 -3.257055580615997E-002
 -1.335827168077230E-002
 -3.222384676337242E-002
 -1.884870976209641E-002
 -7.297553587704897E-003
  2.746974932961166E-004
 -9.544948115944862E-003
 -4.615794867277145E-002
 -4.877638071775436E-003
 -2.528990432620049E-002
 -6.444203108549118E-002
 -6.737953517585993E-003
 -1.406174385920167E-003
 -4.115443676710129E-002
  8.819101494736969E-004
 -1.129461452364922E-002
 -2.195282606408000E-003
 -2.589333243668079E-002
  6.704936176538467E-002
  9.276017546653748E-002
 -7.443798705935478E-003
  5.936989095062017E-003
 -1.528564933687449E-002
 -1.266254577785730E-002
 -9.587121196091175E-003
 -2.420640178024769E-002
 -1.530514843761921E-002
 -2.204643189907074E-002
 -1.181028597056866E-002
 -1.439410820603371E-002
 -2.623041626065969E-003
 -4.754106048494577E-003
 -0.190099895000458     
 -1.304788235574961E-002
  6.031428650021553E-002
  7.484062109142542E-003
  2.366334199905396E-003
 -4.114365729037672E-004
 -3.412600606679916E-003
  9.837017860263586E-004
 -2.373935887590051E-003
 -2.804744616150856E-002
 -1.530435681343079E-002
 -2.378194034099579E-002
 -1.482604909688234E-002
 -1.504937373101711E-002
 -6.673895288258791E-003
 -4.997267387807369E-003
 -1.495847292244434E-002
 -5.546958744525909E-002
 -3.351054340600967E-002
 -3.908292576670647E-002
 -2.239183150231838E-002
 -2.630580775439739E-002
 -2.727256342768669E-002
  2.237403951585293E-002
  1.292481366544962E-002
  2.624484896659851E-002
  2.902440354228020E-002
  5.562727805227041E-003
  7.389346603304148E-003
  7.424239534884691E-003
 -1.975082996068522E-004
  1.366479089483619E-003
  7.107211422408000E-005
  1.447870954871178E-002
 -6.024806760251522E-003
  1.792658353224397E-003
 -6.550042424350977E-003
  8.658229559659958E-002
  0.102411679923534     
 -1.557284872978926E-002
 -6.955970311537385E-004
  7.277561351656914E-003
  2.668226370587945E-003
  1.791518926620483E-002
  6.549683213233948E-002
  0.132652729749680     
  9.969570487737656E-002
  1.313264481723309E-002
  7.894081994891167E-003
  2.047909423708916E-003
 -6.094500422477722E-004
 -0.157674267888069     
  1.831920380936936E-004
  7.739569246768951E-002
  1.447875518351793E-002
  5.687650293111801E-003
  3.559106553439051E-004
 -5.209704977460206E-004
  4.790943115949631E-003
  4.470799118280411E-003
  2.856602333486080E-002
  6.928123533725739E-003
  3.132442943751812E-003
 -7.179966196417809E-003
 -1.455488149076700E-002
 -1.262615341693163E-002
 -5.699845962226391E-003
 -7.428695447742939E-003
 -3.176864981651306E-002
 -2.606424130499363E-002
 -3.499753400683403E-002
 -1.312065962702036E-002
  7.677251123823225E-004
 -2.314908429980278E-002
  4.010340198874474E-002
  1.699525490403175E-002
  3.922918811440468E-002
  7.044141739606857E-002
  1.801513507962227E-002
  3.500156104564667E-002
  6.140239536762238E-002
  8.717334829270840E-003
  5.546052940189838E-003
  5.173436179757118E-002
  1.910933479666710E-002
  9.708251804113388E-003
  4.502070660237223E-004
 -2.879144856706262E-003
  7.035778462886810E-002
  9.516584873199463E-002
 -2.611769922077656E-002
 -1.067669689655304E-002
  2.356018498539925E-002
  1.574974507093430E-002
  3.859425708651543E-002
  9.160614013671875E-002
  0.152471438050270     
  0.107594765722752     
  2.486915886402130E-002
  2.419095858931541E-002
  5.834523588418961E-003
  8.554717060178518E-004
 -6.215657666325569E-002
 -3.764595091342926E-002
  9.300956875085831E-002
  1.480307243764400E-002
  7.133608683943748E-003
  7.336203125305474E-004
  2.425485290586948E-004
  5.158235318958759E-003
  7.439618464559317E-003
  3.793079406023026E-002
  2.052620239555836E-002
  2.711097151041031E-002
  7.941422052681446E-003
 -1.614364678971469E-003
 -3.645527642220259E-003
 -6.334579084068537E-003
  1.423214934766293E-002
 -1.364968158304691E-002
 -1.486921217292547E-002
 -1.395506318658590E-002
 -1.185673102736473E-002
  1.917933113873005E-002
 -5.515840603038669E-004
  4.672437533736229E-002
  1.824643462896347E-002
  4.213444888591766E-002
  7.760559022426605E-002
  2.114941738545895E-002
  3.885606676340103E-002
  7.753860950469971E-002
  1.299510803073645E-002
  7.607689127326012E-003
  6.349924951791763E-002
  1.953653432428837E-002
 -2.065307460725307E-003
  2.700758166611195E-003
  7.612014887854457E-004
  2.945269271731377E-002
  2.296848781406879E-002
 -3.139743581414223E-002
 -1.748381927609444E-002
  2.755361795425415E-002
  1.994964852929115E-002
  4.512426257133484E-002
  9.622102230787277E-002
  0.152237787842751     
  0.106324166059494     
  3.477852419018745E-002
  3.486454859375954E-002
  7.852212525904179E-003
 -1.096124542527832E-004
 -2.202465385198593E-002
 -6.834548711776733E-002
  0.117939986288548     
  2.734462171792984E-002
  7.604298181831837E-003
  7.737527485005558E-004
 -1.310177503910381E-005
  5.326380021870136E-003
  8.123234845697880E-003
  3.878082334995270E-002
  2.857875078916550E-002
  2.682414650917053E-002
  1.144112553447485E-002
  1.441176608204842E-002
  2.617516322061419E-003
 -3.530010115355253E-003
  1.791402325034142E-002
 -5.400948226451874E-003
 -1.410229969769716E-002
 -2.106625400483608E-002
 -1.569756679236889E-002
  3.188904747366905E-002
  5.633363500237465E-003
  3.153051435947418E-002
  8.990833535790443E-003
  2.787505276501179E-002
  4.753370955586433E-002
  1.826711371541023E-002
  2.842207625508308E-002
  5.892053991556168E-002
  1.437830738723278E-002
  1.336637884378433E-002
  7.987909764051437E-002
  1.293908990919590E-002
  2.743688039481640E-002
 -5.174761172384024E-003
  1.609156094491482E-002
  2.102962881326675E-002
 -2.506725676357746E-002
 -4.978070035576820E-002
 -2.677541971206665E-002
  9.876226074993610E-003
  2.233541198074818E-002
  3.130789101123810E-002
  8.469248563051224E-002
  0.126910001039505     
  5.425531044602394E-002
  3.154427930712700E-002
  2.360953204333782E-002
  4.748611245304346E-003
  1.658118912018836E-003
  0.122057214379311     
 -5.305122211575508E-002
 -4.233681783080101E-002
  2.390840649604797E-002
  2.332692500203848E-003
 -2.575838880147785E-004
 -2.869002055376768E-003
  2.001481829211116E-003
  4.358285572379827E-003
  1.870079897344112E-002
  3.250463400036097E-003
  9.937614202499390E-003
  1.145588420331478E-002
  1.907570473849773E-002
  2.927669882774353E-002
  5.584095139056444E-003
  1.669110916554928E-002
 -9.176891297101974E-003
 -3.535818075761199E-003
 -1.539945974946022E-002
  5.121716763824224E-003
  2.639660239219666E-002
  2.947568148374557E-002
  3.122062049806118E-002
  8.385848253965378E-003
  2.539218962192535E-002
  4.802832007408142E-002
  1.637894473969936E-002
  2.771199867129326E-002
  6.230265647172928E-002
  8.515398018062115E-003
  1.112991012632847E-002
  7.967850565910339E-002
  1.160638313740492E-002
 -7.634419947862625E-003
 -1.912851119413972E-003
  1.895955391228199E-002
 -2.992486208677292E-002
 -8.921498060226440E-002
 -6.094308570027351E-003
 -1.585582084953785E-002
  1.253283303231001E-002
  2.019269019365311E-002
  3.350798785686493E-002
  8.038315176963806E-002
  0.113294184207916     
  4.957023635506630E-002
  2.492798864841461E-002
  2.298670634627342E-002
  3.558221738785505E-003
  1.499631442129612E-003
  0.156107991933823     
  2.023778297007084E-002
 -4.994318634271622E-002
  6.851570215076208E-003
  1.342032337561250E-003
 -4.188681195955724E-004
 -5.602638237178326E-003
  1.505254069343209E-003
  3.827291773632169E-003
  1.714213751256466E-002
  1.286929822526872E-003
  1.031220238655806E-002
  1.189572364091873E-002
  2.430499158799648E-002
  2.532154135406017E-002
  2.482429379597306E-003
  1.887899823486805E-002
 -8.154403418302536E-003
  1.010449603199959E-002
  4.489138722419739E-003
  6.985811982303858E-003
  1.906005479395390E-002
  1.612080633640289E-002
  2.282965742051601E-002
  8.701718412339687E-003
  2.469437941908836E-002
  4.895434156060219E-002
  1.095728762447834E-002
  2.949089556932449E-002
  6.281237304210663E-002
  4.360235761851072E-003
  6.175318267196417E-003
  5.594108998775482E-002
  1.139950379729271E-002
  1.086219120770693E-002
  4.273422528058290E-003
  2.233669348061085E-002
 -1.625457406044006E-002
 -6.928009539842606E-002
 -2.779269032180309E-002
 -1.154879294335842E-002
  1.067116111516953E-002
  1.262196805328131E-002
  3.306961804628372E-002
  8.204696327447891E-002
  0.115500487387180     
  4.720084741711617E-002
  1.336556114256382E-002
  1.564776711165905E-002
  5.930778570473194E-004
  1.869429252110422E-003
  0.202193781733513     
  4.089524154551327E-004
 -5.506184324622154E-002
  4.859024193137884E-003
 -2.987457264680415E-005
 -7.067766273394227E-004
 -4.295594058930874E-003
  8.105300948955119E-004
  3.082942683249712E-003
  1.737821288406849E-002
 -3.005305770784616E-003
  8.017255924642086E-003
  1.020375918596983E-002
  2.059242688119411E-002
  1.939467340707779E-002
 -9.459504508413374E-004
  1.851676404476166E-002
  1.476634573191404E-002
  2.299071289598942E-002
  3.616892173886299E-002
 -2.047818619757891E-003
  2.315658517181873E-002
  1.308234781026840E-002
 -6.079913582652807E-003
  3.635083325207233E-003
  1.123848557472229E-002
  2.729292586445808E-002
 -4.331907257437706E-003
  1.995145715773106E-002
  3.906633332371712E-002
 -1.390611869283020E-003
 -6.582421716302633E-003
 -1.243681181222200E-002
  9.266821667551994E-003
 -8.226214908063412E-003
  3.635395318269730E-003
  6.350571289658546E-003
 -3.667455911636353E-002
 -3.578828275203705E-002
  3.109438531100750E-002
  5.825093947350979E-003
  4.620293155312538E-003
 -1.000690390355885E-003
  2.474735956639051E-003
  4.106021299958229E-002
  8.909558504819870E-002
  3.431878238916397E-002
 -1.151280198246241E-002
 -1.178907323628664E-002
 -7.247372996062040E-003
  1.960780005902052E-003
  0.116630323231220     
 -3.541756048798561E-002
 -6.609166413545609E-002
 -1.199939101934433E-002
 -4.493041895329952E-003
 -1.506035216152668E-003
  8.510660845786333E-004
  2.209307131124660E-004
  1.092514488846064E-003
  1.477193925529718E-002
 -4.421239253133535E-003
 -3.798211226239800E-003
  1.347142155282199E-003
  6.011633202433586E-003
  3.223585081286728E-004
 -3.857760457322001E-003
  9.729224257171154E-003
  3.868236392736435E-002
  2.846946939826012E-002
  6.026212126016617E-002
 -5.213464144617319E-003
 -1.808505854569376E-003
 -7.323550526052713E-003
 -4.568274691700935E-002
 -9.262847714126110E-003
 -2.616114355623722E-002
 -4.114481434226036E-002
 -2.000534348189831E-002
 -8.765472099184990E-003
 -1.731070503592491E-002
 -7.134004030376673E-003
 -1.631438359618187E-002
 -6.653293967247009E-002
 -6.046137306839228E-003
 -1.638006046414375E-002
  3.905897494405508E-003
 -1.892650313675404E-002
 -5.076776817440987E-002
 -4.040731862187386E-002
 -1.477437210269272E-003
  1.424785889685154E-002
 -1.869689114391804E-002
 -2.316570095717907E-002
 -5.481572076678276E-002
 -0.130404353141785     
 -4.451288282871246E-002
 -4.837268218398094E-002
 -3.974777832627296E-002
 -3.657668083906174E-002
 -1.533051859587431E-002
  2.623797859996557E-003
  1.504603214561939E-002
 -3.158567845821381E-002
 -5.752215161919594E-002
 -1.130738854408264E-002
 -1.919648796319962E-002
 -2.686240710318089E-003
  3.373364917933941E-003
 -5.042971461080015E-004
 -3.975380677729845E-003
 -8.453885093331337E-003
 -8.992406539618969E-003
 -1.907927356660366E-002
 -6.152723450213671E-003
 -9.919089265167713E-003
 -1.828953437507153E-002
 -8.514610119163990E-003
 -9.999414905905724E-003
  3.936617076396942E-002
  2.524814568459988E-002
  3.946046903729439E-002
 -7.031692657619715E-003
 -8.832195773720741E-003
  2.228032797574997E-003
 -7.882983237504959E-002
 -4.071938246488571E-002
 -7.518307864665985E-002
 -9.348276257514954E-002
 -2.853138931095600E-002
 -4.315932840108871E-002
 -6.176384910941124E-002
 -1.219077873975039E-002
 -1.561611052602530E-002
 -7.294207066297531E-002
 -4.142523184418678E-002
 -2.980360994115472E-003
 -9.814233053475618E-004
 -4.628701508045197E-002
 -4.375655949115753E-002
 -1.004598941653967E-002
 -3.341579576954246E-003
  1.786255463957787E-002
 -4.838141798973083E-002
 -3.529586270451546E-002
 -8.309067785739899E-002
 -0.249937713146210     
 -0.335841149091721     
 -0.249530941247940     
 -5.162742361426353E-002
 -4.528349265456200E-002
 -1.524472422897816E-002
  1.282205805182457E-003
 -8.374929428100586E-002
  3.771963063627481E-003
 -4.623277485370636E-002
 -7.588015403598547E-003
 -2.917241863906384E-002
 -3.238322678953409E-003
  3.636666107922792E-003
 -6.956048775464296E-003
 -1.091610826551914E-002
 -5.141348764300346E-002
 -1.180342491716146E-002
 -2.436667867004871E-002
 -8.048928342759609E-003
 -2.295197173953056E-002
 -2.732230350375175E-002
 -1.211242098361254E-002
 -2.160665020346642E-002
  3.684901446104050E-002
  1.936748065054417E-002
 -6.898251362144947E-003
 -1.122128125280142E-002
 -1.069833058863878E-002
  4.328339826315641E-003
 -8.699249476194382E-002
 -5.663941800594330E-002
 -0.106550246477127     
 -0.133485257625580     
 -2.649682201445103E-002
 -6.632425636053085E-002
 -8.409449458122253E-002
 -1.615372486412525E-002
 -1.271654851734638E-002
 -9.433957189321518E-002
 -4.870847240090370E-002
 -2.396631985902786E-002
 -9.022908285260201E-003
 -5.183558538556099E-002
  1.929290965199471E-002
  1.377267064526677E-003
  1.473960699513555E-003
  1.777121238410473E-002
 -5.908169224858284E-002
 -3.309639915823936E-002
 -7.660695165395737E-002
 -0.246495410799980     
 -0.467350214719772     
 -0.304209530353546     
 -4.721213132143021E-002
 -4.198080301284790E-002
 -1.105377823114395E-002
 -5.387082928791642E-004
 -0.143926262855530     
  3.767892718315125E-002
 -3.571774810552597E-002
 -5.225818604230881E-003
 -3.250609710812569E-002
 -3.088220953941345E-003
  3.902595723047853E-003
 -1.256475411355495E-002
 -1.630627922713757E-002
 -7.515491545200348E-002
 -2.260690182447433E-002
 -3.409478068351746E-002
 -1.526209712028503E-002
 -3.826810792088509E-002
 -3.047715499997139E-002
 -1.128486823290586E-002
 -2.840588055551052E-002
  2.194826258346438E-003
 -6.424773600883782E-004
 -2.737241424620152E-002
 -1.551118679344654E-002
 -2.271459810435772E-002
 -1.043786667287350E-002
 -5.718966573476791E-002
 -3.009899891912937E-002
 -6.926984339952469E-002
 -0.105744570493698     
 -1.580486446619034E-002
 -5.982729792594910E-002
 -8.488183468580246E-002
 -1.548587810248137E-002
 -1.775731332600117E-002
 -6.631463021039963E-002
 -2.338431216776371E-002
 -2.523997426033020E-002
 -8.042938075959682E-003
 -4.362868517637253E-002
  5.679194256663322E-002
  4.397672414779663E-002
  3.205299144610763E-003
  1.324274018406868E-002
 -3.303413838148117E-002
 -2.297592908143997E-002
 -4.527208209037781E-002
 -0.135556280612946     
 -0.269310832023621     
 -0.185659721493721     
 -3.256478160619736E-002
 -3.075933456420898E-002
 -6.072271615266800E-003
 -6.205712445080280E-003
 -0.218609929084778     
  4.917588084936142E-002
  3.921241033822298E-003
 -4.206486046314240E-003
 -1.813313551247120E-002
 -1.811688882298768E-003
 -1.307779224589467E-003
 -8.430368266999722E-003
 -1.457480154931545E-002
 -5.890730395913124E-002
 -3.285706415772438E-002
 -3.505731001496315E-002
 -2.261560037732124E-002
 -4.959489777684212E-002
 -3.337629884481430E-002
 -1.147048454731703E-002
 -2.863772772252560E-002
 -5.956946313381195E-002
 -2.452243678271770E-002
 -3.893562778830528E-002
 -9.801642969250679E-003
 -3.837285563349724E-002
 -3.272466734051704E-002
 -5.518570076674223E-003
  1.390310935676098E-003
 -6.630989722907543E-003
 -3.287679702043533E-002
 -5.462585948407650E-003
 -2.447333000600338E-002
 -4.981179535388947E-002
 -8.262678980827332E-003
 -1.303942780941725E-002
 -4.748704656958580E-002
  2.292220946401358E-003
 -1.993223652243614E-002
 -7.218857295811176E-003
 -3.683178871870041E-002
  3.109835321083665E-003
  6.545135378837585E-002
 -1.618454605340958E-002
  3.578839823603630E-003
 -6.561221554875374E-003
 -1.133082341402769E-002
 -1.101820729672909E-002
 -6.934697157703340E-004
 -4.949170630425215E-003
 -3.185805864632130E-003
 -1.447206642478704E-002
 -1.265654806047678E-002
 -2.643730724230409E-003
 -5.363950971513987E-003
 -0.225029021501541     
  5.063100252300501E-003
  3.510080650448799E-002
 -2.305664587765932E-003
 -2.566704759374261E-003
 -3.948930534534156E-004
 -1.967646647244692E-003
  8.371428702957928E-005
 -3.671215148642659E-003
 -8.660973049700260E-003
 -4.710212349891663E-003
 -1.448709797114134E-002
 -1.292148232460022E-002
 -2.893413044512272E-002
 -1.968714408576488E-002
 -8.938679471611977E-003
 -1.634936034679413E-002
 -7.819411158561707E-002
 -3.422930836677551E-002
 -4.673058167099953E-002
 -2.741411328315735E-002
 -3.153719753026962E-002
 -3.754393383860588E-002
  2.803397923707962E-002
  1.518473587930202E-002
  3.420309349894524E-002
  3.764113783836365E-002
  8.947874419391155E-003
  1.245879754424095E-002
  3.007239894941449E-003
  3.867808496579528E-003
 -2.583866706117988E-003
 -2.235989645123482E-002
  1.630118116736412E-002
 -1.320093218237162E-002
 -5.626913160085678E-003
 -3.167737508192658E-003
  3.931291401386261E-002
  0.106442220509052     
 -2.787958458065987E-002
 -2.894543576985598E-003
  1.535249594599009E-002
  2.690785797312856E-003
  2.337628789246082E-002
  8.818563818931580E-002
  0.156244352459908     
  0.105830959975719     
  5.640462040901184E-003
  6.316670682281256E-003
  6.655887700617313E-004
 -1.107319956645370E-003
 -0.160372242331505     
 -2.089367806911469E-002
  6.670185178518295E-002
  5.922968499362469E-003
  3.114777151495218E-003
  1.318669092142954E-004
  1.182004198199138E-004
  3.312331158667803E-003
  4.567104391753674E-003
  2.981280162930489E-002
  1.043282821774483E-002
  1.256603188812733E-002
  9.773430647328496E-004
 -1.399280596524477E-002
 -2.876908052712679E-003
 -2.640798455104232E-003
 -3.017568960785866E-003
 -4.998447000980377E-002
 -3.248489648103714E-002
 -5.361274257302284E-002
 -2.142741344869137E-002
 -2.581291086971760E-002
 -5.485887452960014E-002
  4.548019543290138E-002
  1.689209043979645E-002
  4.239984229207039E-002
  6.998070329427719E-002
  1.387931313365698E-002
  3.081999905407429E-002
  4.052283614873886E-002
  9.334255009889603E-003
  1.029948703944683E-002
  2.393040619790554E-002
  2.185273915529251E-002
  1.280867261812091E-003
 -3.363316413015127E-003
  3.703678259626031E-003
  1.202941406518221E-002
  4.492221027612686E-002
 -3.108133189380169E-002
 -1.402583159506321E-002
  2.684939280152321E-002
  1.604951359331608E-002
  3.635264560580254E-002
  0.110700666904449     
  0.173919484019279     
  0.113666929304600     
  2.141737751662731E-002
  1.814324967563152E-002
  3.557732794433832E-003
  1.680825604125857E-003
 -3.393030026927590E-003
 -3.915570676326752E-002
  0.118128567934036     
  8.189975284039974E-003
  4.739764612168074E-003
  3.397998807486147E-004
  6.527364021167159E-004
  3.542937571182847E-003
  6.682636216282845E-003
  3.526879101991653E-002
  1.807774789631367E-002
  2.186539955437183E-002
  6.813782732933760E-003
  1.220035483129323E-003
  1.012922730296850E-002
  4.319464787840843E-004
  1.188870798796415E-002
 -9.330790489912033E-003
 -1.920919679105282E-002
 -3.104746714234352E-002
 -2.429206483066082E-002
 -1.124725793488324E-003
 -2.872673235833645E-002
  5.159709602594376E-002
  1.811787858605385E-002
  4.497326910495758E-002
  7.884718477725983E-002
  1.894859410822392E-002
  3.749958798289299E-002
  5.399755015969276E-002
  1.377309858798981E-002
  1.642760261893272E-002
  9.392590820789337E-002
  2.269343845546246E-002
  1.545547880232334E-002
 -1.483745523728430E-003
 -1.149003580212593E-002
 -5.138624832034111E-002
 -1.724245026707649E-002
  4.325627349317074E-003
 -1.870489306747913E-002
  2.675924822688103E-002
  1.911703683435917E-002
  3.953593596816063E-002
  0.114247910678387     
  0.174741432070732     
  0.111778646707535     
  2.453452348709106E-002
  2.256523072719574E-002
  6.578119937330484E-003
  1.492971670813859E-003
  7.521233707666397E-002
 -3.970808535814285E-002
  8.884303271770477E-002
  9.296146221458912E-003
  5.155291408300400E-003
  4.781705210916698E-004
  1.203310239361599E-004
  3.582625649869442E-003
  7.352036423981190E-003
  3.413057327270508E-002
  2.185614965856075E-002
  2.294485643506050E-002
  1.051826681941748E-002
  1.320970337837934E-002
  1.637148484587669E-002
  1.433009747415781E-003
  1.813142187893391E-002
  3.284453414380550E-003
 -8.501023054122925E-003
 -9.036181494593620E-003
 -2.204239554703236E-002
  2.728780172765255E-002
  4.795989487320185E-003
  2.155981585383415E-002
  1.258756220340729E-002
  2.232205495238304E-002
  2.262009307742119E-002
  2.391555905342102E-002
  3.220392763614655E-002
  6.776714324951172E-002
  2.184932492673397E-002
  1.362390350550413E-002
  6.570567190647125E-002
  6.945761386305094E-003
 -3.108001779764891E-003
 -1.195239834487438E-002
 -3.560349345207214E-002
 -0.109052024781704     
 -8.349335193634033E-002
 -5.310733616352081E-002
 -2.114664949476719E-002
  6.298401858657598E-003
  2.266660891473293E-002
  4.390159994363785E-002
  6.551860272884369E-002
  9.362415224313736E-002
  6.141433864831924E-002
  3.865444660186768E-002
  4.107106104493141E-002
  1.270004827529192E-002
  4.696409159805626E-004
  0.210155665874481     
 -2.003924734890461E-002
 -5.720963329076767E-002
 -7.603631820529699E-004
  1.038552820682526E-002
  1.395393395796418E-003
 -1.833156449720263E-003
  3.887563245370984E-003
  7.720430847257376E-003
  3.461072221398354E-002
  4.559097345918417E-003
  1.814937964081764E-002
  7.945035584270954E-003
  3.599907504394650E-003
  1.317974994890392E-003
 -8.964661508798599E-003
  1.743770577013493E-002
 -3.084969520568848E-002
 -1.786125241778791E-003
 -3.484845533967018E-002
 -1.379494555294514E-002
  3.982428088784218E-002
  3.625098615884781E-002
  1.769150234758854E-002
  1.075815130025148E-002
  1.739507727324963E-002
  1.563958637416363E-002
  2.097871154546738E-002
  2.813786081969738E-002
  5.862297862768173E-002
  1.567062921822071E-002
  1.088615134358406E-002
  4.276124760508537E-002
  5.878622643649578E-003
 -8.943550288677216E-003
 -8.545739576220512E-003
 -9.841877035796642E-003
 -5.794113501906395E-002
 -4.547459259629250E-002
 -4.366249591112137E-002
 -1.902632229030132E-002
  2.920202678069472E-003
  1.963821798563004E-002
  3.893388062715530E-002
  5.214628949761391E-002
  7.443194091320038E-002
  4.945405945181847E-002
  3.658997267484665E-002
  3.729534149169922E-002
  1.196400821208954E-002
 -5.718180909752846E-004
  0.178571850061417     
  2.566219773143530E-003
 -5.555282905697823E-002
 -2.551618963479996E-002
  9.248375892639160E-003
  1.248255255632102E-003
 -4.494806285947561E-003
  3.246051725000143E-003
  6.776028312742710E-003
  3.063905984163284E-002
  1.846261322498322E-003
  1.515149138867855E-002
  6.037094164639711E-003
  4.123685881495476E-003
 -3.021875862032175E-003
 -9.893732145428658E-003
  1.775847002863884E-002
 -1.941216178238392E-002
  9.115989319980145E-003
 -2.226866781711578E-002
 -7.018733303993940E-003
  1.541234645992517E-002
  2.142199873924255E-002
  9.863522835075855E-003
  1.056018285453320E-002
  1.381454803049564E-002
  1.574818417429924E-002
  1.566759124398232E-002
  3.130466118454933E-002
  6.485123932361603E-002
  7.211720105260611E-003
  2.544877585023642E-003
  1.788494735956192E-002
  5.779089871793985E-003
  1.731866388581693E-003
 -9.361482225358486E-003
 -1.185115519911051E-002
 -9.284329414367676E-002
 -5.726431310176849E-002
 -2.171284146606922E-002
 -1.379990857094526E-002
 -2.228926634415984E-003
  1.465975027531385E-002
  4.085381701588631E-002
  4.136796295642853E-002
  4.553730785846710E-002
  3.146082535386086E-002
  1.935194991528988E-002
  3.105290606617928E-002
  1.034982409328222E-002
 -2.184011507779360E-003
  0.161222606897354     
 -2.906434051692486E-002
 -8.360458165407181E-002
 -4.845055937767029E-002
  9.237214922904968E-003
  7.178004598245025E-004
 -4.497373942285776E-003
  3.128912998363376E-003
  7.243933156132698E-003
  3.306157886981964E-002
  1.542598125524819E-003
  1.465716492384672E-002
  1.944423769600689E-003
  1.794193405658007E-003
 -8.309374563395977E-003
 -7.120440714061260E-003
  1.502374000847340E-002
  6.012547295540571E-003
  1.759342476725578E-002
  1.003741659224033E-002
 -1.684369519352913E-002
  7.430829573422670E-003
  1.636709086596966E-002
 -9.137270972132683E-003
  8.203740231692791E-003
  4.324726294726133E-003
 -5.591825116425753E-003
  3.121251706033945E-003
  1.780007593333721E-002
  2.814297191798687E-002
  4.374193667899817E-004
 -7.431425154209137E-003
 -4.285337030887604E-002
  3.406221978366375E-003
  8.254509419202805E-003
 -6.471558474004269E-003
 -2.275761961936951E-002
 -7.942549139261246E-002
 -5.379155278205872E-002
  1.783964782953262E-002
  1.541136880405247E-003
 -7.632073480635881E-003
  1.489935093559325E-003
  2.157217636704445E-002
  2.096573822200298E-002
  2.764535695314407E-002
  1.018010731786489E-002
 -1.274097245186567E-002
  3.588760504499078E-003
 -3.300008829683065E-004
 -1.390349701978266E-003
  0.135188266634941     
 -3.480793163180351E-002
 -0.115462347865105     
 -2.075242437422276E-002
  5.777581594884396E-003
 -6.664550746791065E-004
  8.194117690436542E-004
  2.533995313569903E-003
  5.989510100334883E-003
  3.169121965765953E-002
 -3.784789878409356E-004
 -7.560948724858463E-004
 -1.225754711776972E-002
 -1.156451646238565E-002
 -2.911754883825779E-002
 -1.068488322198391E-002
  1.491148024797440E-003
  3.372500464320183E-002
  2.559715323150158E-002
  1.765974983572960E-002
 -2.686701156198978E-002
 -5.742478184401989E-003
 -2.384643442928791E-002
 -2.724275365471840E-002
  1.879494055174291E-003
 -1.515120547264814E-002
 -3.013595938682556E-002
 -1.965581998229027E-002
 -1.708843000233173E-002
 -3.218745812773705E-002
 -1.283974200487137E-002
 -1.721943914890289E-002
 -6.715240329504013E-002
 -4.320224747061729E-003
  1.994652859866619E-002
 -6.605676026083529E-004
 -2.440090477466583E-002
 -7.609677314758301E-002
 -3.646699711680412E-002
  2.732933685183525E-002
  1.180451828986406E-002
 -1.993568800389767E-002
 -2.402398921549320E-002
 -4.734078794717789E-002
 -6.206276640295982E-002
 -3.506629914045334E-002
 -4.294464737176895E-002
 -4.361679032444954E-002
 -5.074728652834892E-002
 -1.817174442112446E-002
  7.039314368739724E-004
  2.595576830208302E-002
 -5.020485818386078E-002
 -0.123272642493248     
 -1.165475230664015E-002
 -9.172300808131695E-003
 -2.009733812883496E-003
  1.981766894459724E-003
  1.221232698298991E-003
 -2.176776528358459E-003
 -9.252823889255524E-003
 -4.067549016326666E-003
 -2.419178560376167E-002
 -1.841431483626366E-002
 -2.596123330295086E-002
 -2.653144113719463E-002
 -8.448009379208088E-003
 -3.229494765400887E-002
  3.602254018187523E-002
  2.346982806921005E-002
  5.432923790067434E-003
 -2.895104326307774E-002
 -2.457432448863983E-002
 -1.958705857396126E-002
 -5.441650748252869E-002
 -3.117010183632374E-002
 -5.966297537088394E-002
 -9.640429913997650E-002
 -3.736338764429092E-002
 -3.933088853955269E-002
 -8.022756874561310E-002
 -1.697896793484688E-002
 -9.587222710251808E-003
 -5.768726393580437E-002
 -3.534454852342606E-002
  3.041936457157135E-002
 -2.765763550996780E-003
 -3.104759380221367E-002
 -3.927478566765785E-002
 -6.440740823745728E-002
 -1.786131598055363E-002
  1.505452021956444E-002
 -3.940464183688164E-002
 -4.006531089544296E-002
 -0.100328527390957     
 -0.199787750840187     
 -0.285218894481659     
 -0.210281088948250     
 -6.134998425841331E-002
 -7.004757225513458E-002
 -2.651556208729744E-002
  2.212897641584277E-003
 -9.609250724315643E-002
 -4.176622256636620E-002
 -0.104156874120235     
 -5.145116709172726E-003
 -2.536038868129253E-002
 -2.272229176014662E-003
  3.134401049464941E-003
 -4.776780027896166E-003
 -1.309652253985405E-002
 -6.432552635669708E-002
 -1.494457107037306E-002
 -3.057852387428284E-002
 -1.147628761827946E-002
 -1.307258754968643E-002
 -2.419196069240570E-003
  1.986455172300339E-003
 -4.062968119978905E-002
  3.071813844144344E-002
  1.537320669740438E-002
 -5.872191395610571E-003
 -2.015390619635582E-002
 -2.846753597259521E-002
 -1.205200329422951E-002
 -7.853133976459503E-002
 -5.138273537158966E-002
 -9.768489003181458E-002
 -0.143453240394592     
 -4.748368263244629E-002
 -6.157797947525978E-002
 -0.114929571747780     
 -2.110048383474350E-002
 -4.081399179995060E-003
 -7.241775840520859E-002
 -5.330537259578705E-002
 -6.161904428154230E-003
 -7.133305072784424E-003
 -5.524068325757980E-002
 -3.494586795568466E-002
 -5.098906904459000E-002
 -2.496125735342503E-002
  1.362154167145491E-002
 -5.519703030586243E-002
 -3.214927390217781E-002
 -9.920082241296768E-002
 -0.269230931997299     
 -0.437007367610931     
 -0.301622569561005     
 -5.060319602489471E-002
 -5.287118256092072E-002
 -1.613903790712357E-002
  1.471005612984300E-003
 -0.219775855541229     
 -2.209797501564026E-002
 -5.818679556250572E-002
  1.591969339642674E-004
 -2.575757540762424E-002
 -2.797829220071435E-003
  3.337836125865579E-003
 -7.566868793219328E-003
 -2.115642838180065E-002
 -8.846826106309891E-002
 -3.848879784345627E-002
 -2.986119501292706E-002
 -7.830911781638861E-004
 -3.181375190615654E-002
  9.331180714070797E-003
 -3.017978044226766E-003
 -2.219653874635696E-002
  1.805039122700691E-003
 -1.788003719411790E-003
 -1.566718146204948E-002
 -2.082895487546921E-002
 -2.768699638545513E-002
 -1.036761328577995E-002
 -5.514470115303993E-002
 -2.944326400756836E-002
 -6.822953373193741E-002
 -0.104104600846767     
 -3.287924453616142E-002
 -7.676413655281067E-002
 -0.129967391490936     
 -2.015758678317070E-002
 -1.465685106813908E-002
 -3.122909739613533E-002
 -2.546903863549232E-002
 -2.925304882228374E-002
 -8.409001864492893E-003
 -4.980833828449249E-002
  3.699822351336479E-002
  2.882462553679943E-002
  4.693600349128246E-003
  1.095644757151604E-002
 -3.416831046342850E-002
 -2.211879193782806E-002
 -5.504233762621880E-002
 -0.185270786285400     
 -0.256687790155411     
 -0.200023382902145     
 -2.954056113958359E-002
 -2.698632329702377E-002
 -6.851183716207743E-003
 -1.513048540800810E-003
 -0.221242904663086     
  4.055942408740520E-004
  6.223889533430338E-003
  4.932128824293613E-003
 -9.061974473297596E-003
 -1.641742652282119E-003
 -1.532800146378577E-003
 -6.845596246421337E-003
 -1.971762627363205E-002
 -7.147191464900970E-002
 -3.733174875378609E-002
 -3.956374526023865E-002
  1.416790415532887E-003
 -2.369642071425915E-002
  1.323787122964859E-002
 -6.398443365469575E-004
 -1.245854422450066E-002
 -5.364615842700005E-002
 -2.233017608523369E-002
 -2.918042428791523E-002
 -2.753431163728237E-002
 -2.637681551277637E-002
 -9.007714688777924E-003
 -1.046254765242338E-002
  1.370058977045119E-003
 -6.746446248143911E-003
 -2.921943180263042E-002
 -1.173548679798841E-002
 -3.000748157501221E-002
 -7.313991338014603E-002
 -1.164275873452425E-002
 -3.359053283929825E-003
 -3.074038401246071E-002
  2.546621020883322E-003
 -1.565334014594555E-002
 -2.416705247014761E-003
 -5.192723125219345E-002
  4.263976216316223E-002
  7.076218724250793E-002
 -2.023713290691376E-002
  4.171780776232481E-003
 -3.104054136201739E-003
 -8.795475587248802E-003
 -1.117427740246058E-002
 -3.822420537471771E-002
  1.683430932462215E-002
 -4.330873023718596E-003
 -6.842693313956261E-003
 -1.052502077072859E-002
  1.056660315953195E-003
 -2.480756957083941E-003
 -0.203099906444550     
  3.966329619288445E-003
  5.870198085904121E-002
  1.119205635040998E-002
  6.223169621080160E-003
  5.313871224643663E-005
 -3.746854839846492E-003
  6.194550078362226E-004
 -7.795011624693871E-003
 -3.508240357041359E-002
 -1.744765602052212E-002
 -2.513300254940987E-002
 -2.185053599532694E-004
 -1.651738397777081E-002
  7.462687324732542E-003
 -1.667345059104264E-003
 -1.692344248294830E-002
 -6.475700438022614E-002
 -3.943259641528130E-002
 -3.898674249649048E-002
 -2.825787663459778E-002
 -1.978463307023048E-002
 -9.663026779890060E-003
  2.385288476943970E-002
  1.496437285095453E-002
  2.858656644821167E-002
  3.389713540673256E-002
  9.041158482432365E-003
  1.676990464329720E-002
  3.354933811351657E-003
  5.441248649731278E-004
  2.992345020174980E-003
 -7.521534804254770E-003
  1.536519918590784E-002
 -1.179370284080505E-002
  1.618933281861246E-003
 -4.095632955431938E-002
  4.074763134121895E-002
  0.100651241838932     
 -1.908940076828003E-002
 -2.773137530311942E-003
  1.771174371242523E-002
  7.462380919605494E-003
  2.729606442153454E-002
  5.732111632823944E-002
  0.127417698502541     
  9.991250187158585E-002
  1.004085689783096E-002
  9.765006601810455E-003
  6.741944234818220E-003
  7.128748693503439E-004
 -0.187349677085876     
 -1.427956623956561E-003
  0.101317130029202     
  1.371037401258945E-002
  1.151821576058865E-002
  9.960283059626818E-004
 -7.876617019064724E-004
  4.861796740442514E-003
  5.829575471580029E-003
  3.028093092143536E-002
  8.330525830388069E-003
  1.485082041472197E-002
 -6.865975446999073E-004
 -7.982064038515091E-003
 -1.074611023068428E-002
 -5.479062907397747E-003
  4.454353358596563E-003
 -3.639274463057518E-002
 -3.563314303755760E-002
 -4.014100506901741E-002
 -1.761370897293091E-002
 -3.618558635935187E-003
 -4.011018667370081E-003
  4.116920754313469E-002
  1.763894222676754E-002
  3.752624988555908E-002
  6.389578431844711E-002
  2.436007186770439E-002
  3.292434662580490E-002
  5.772392824292183E-002
  1.027139462530613E-002
  4.551195073872805E-003
  1.657912321388721E-002
  1.723582111299038E-002
 -2.562645450234413E-002
 -1.152865123003721E-003
 -3.311328962445259E-002
  5.402734875679016E-002
  9.350886195898056E-002
 -2.716896822676063E-003
 -1.441713515669107E-002
  2.453275956213474E-002
  1.861299388110638E-002
  4.446307197213173E-002
  8.606122434139252E-002
  0.149541005492210     
  0.117138959467411     
  3.708492964506149E-002
  3.406225517392159E-002
  1.121188607066870E-002
  6.235447945073247E-004
 -5.795966461300850E-002
 -3.885462507605553E-002
  9.136168658733368E-002
  1.239670906215906E-002
  1.183967851102352E-002
  1.201954204589128E-003
  6.644179229624569E-004
  5.162502638995647E-003
  9.015030227601528E-003
  4.033902660012245E-002
  2.227556146681309E-002
  2.003172039985657E-002
  1.915948116220534E-003
  9.034145041368902E-004
 -7.030895445495844E-003
 -3.475260222330689E-003
  1.447207015007734E-002
 -1.370694674551487E-002
 -2.628060989081860E-002
 -1.696850173175335E-002
 -3.006240539252758E-002
  1.349600125104189E-002
 -1.779432967305183E-002
  4.424904286861420E-002
  1.812028698623180E-002
  3.876336291432381E-002
  6.991445273160934E-002
  2.704492211341858E-002
  3.840227797627449E-002
  7.150979340076447E-002
  1.639977656304836E-002
  9.790524840354919E-003
  5.871699750423431E-002
  1.820030622184277E-002
 -9.577649645507336E-003
  3.870550717692822E-004
 -9.410911239683628E-003
 -3.830519504845142E-003
  6.032272358424962E-004
  2.891829237341881E-002
 -2.160589583218098E-002
  2.525052800774574E-002
  2.197713963687420E-002
  4.812509566545486E-002
  8.831660449504852E-002
  0.154874280095100     
  0.119489416480064     
  5.324762314558029E-002
  4.229252040386200E-002
  1.372761093080044E-002
  9.275055490434170E-004
  4.373327270150185E-002
 -5.523074790835381E-002
  6.368816643953323E-002
  8.787217549979687E-003
  1.289093215018511E-002
  1.578120398335159E-003
  1.271082437597215E-003
  5.380916874855757E-003
  9.847883135080338E-003
  4.174541682004929E-002
  2.917995862662792E-002
  2.261668443679810E-002
  8.564520627260208E-003
  1.452525705099106E-002
  5.378257483243942E-003
 -4.027919378131628E-003
  2.146863751113415E-002
 -1.215947605669498E-002
 -2.549909986555576E-002
 -2.810212783515453E-002
 -2.976978197693825E-002
  2.541938237845898E-002
  6.131303030997515E-003
  2.420220524072647E-002
  1.127098221331835E-002
  2.181934565305710E-002
  5.104431882500648E-002
  2.685035765171051E-002
  2.932166494429111E-002
  6.199047714471817E-002
  1.880284212529659E-002
  8.490782231092453E-003
  5.542814359068871E-002
  3.556554205715656E-003
  3.591437125578523E-003
 -2.713105641305447E-003
 -5.185575783252716E-002
 -0.122947841882706     
 -9.653455764055252E-002
 -2.508283592760563E-002
 -2.470975182950497E-002
  1.601872220635414E-002
  3.235901519656181E-002
  5.579805746674538E-002
  8.364903926849365E-002
  9.172448515892029E-002
  6.148917600512505E-002
  5.136117711663246E-002
  4.302483424544334E-002
  1.238745730370283E-002
  4.036210593767464E-004
  0.178368985652924     
 -3.092066571116447E-002
 -7.263710349798203E-002
  4.106467124074697E-003
  7.757591549307108E-003
  1.032471889629960E-003
 -1.312972162850201E-003
  7.984756957739592E-004
  8.741245605051517E-003
  3.241453319787979E-002
  3.868981031700969E-003
  1.946347579360008E-002
  8.381390944123268E-003
  1.659711264073849E-002
  8.218577131628990E-003
 -3.102188697084785E-003
  2.001109160482883E-002
 -2.631695941090584E-002
 -5.313016939908266E-003
 -2.863367274403572E-002
 -1.544358115643263E-002
  4.504016414284706E-002
  4.130603373050690E-002
  1.985480263829231E-002
  9.617095813155174E-003
  1.759012416005135E-002
  4.056460410356522E-002
  2.395617961883545E-002
  2.742280811071396E-002
  5.828408524394035E-002
  1.439801324158907E-002
  7.036692462861538E-003
  5.033759772777557E-002
  3.118479624390602E-003
  5.719402688555419E-004
 -2.910652197897434E-003
  1.430799439549446E-002
 -3.311873227357864E-002
 -3.422334045171738E-002
 -2.921141125261784E-002
 -2.119622379541397E-002
  1.290090661495924E-002
  2.733829617500305E-002
  5.033582448959351E-002
  7.071065157651901E-002
  7.792597264051437E-002
  5.245564505457878E-002
  4.535177350044250E-002
  3.893458470702171E-002
  1.056279521435499E-002
  1.987364230444655E-004
  0.192129403352737     
  2.223866619169712E-002
 -1.519565563648939E-002
  5.627088248729706E-003
  6.758826784789562E-003
  8.999247220344841E-004
 -3.711074125021696E-003
  5.347178666852415E-004
  7.524774409830570E-003
  2.907632477581501E-002
  1.752009731717408E-003
  1.751824654638767E-002
  6.777984555810690E-003
  1.063520461320877E-002
  1.686656265519559E-003
 -6.238751579076052E-003
  1.801403984427452E-002
 -1.508181355893612E-002
  5.429250188171864E-003
 -2.187818475067616E-002
 -7.543106097728014E-003
  2.597901038825512E-002
  2.467489987611771E-002
  5.161305889487267E-003
  9.711110964417458E-003
  1.298833359032869E-002
  1.884408853948116E-002
  1.879571750760078E-002
  2.905886992812157E-002
  6.117527931928635E-002
  1.399139128625393E-002
  5.535695236176252E-003
  2.929278835654259E-002
  1.590105239301920E-003
  3.245603060349822E-003
 -1.084690168499947E-002
 -1.433892734348774E-002
 -4.909901693463326E-002
 -4.967382177710533E-002
 -3.020902536809444E-002
 -8.685383945703506E-003
  7.667407859116793E-003
  2.672314830124378E-002
  5.251165106892586E-002
  6.633973121643066E-002
  6.543763726949692E-002
  4.874356091022491E-002
  4.161080718040466E-002
  3.543537110090256E-002
  5.010829772800207E-003
 -1.062551978975534E-003
  0.135676547884941     
 -2.636937052011490E-002
 -6.328503042459488E-002
 -1.643574424088001E-002
  7.363325450569391E-003
  6.836050888523459E-004
 -4.506619181483984E-003
  2.095258241752163E-004
  7.467211224138737E-003
  3.189698606729507E-002
 -2.415868919342756E-003
  1.612898334860802E-002
  2.640898455865681E-004
 -3.113295650109649E-003
 -1.716752722859383E-002
 -1.091477833688259E-002
  1.612938567996025E-002
  5.902703851461411E-003
  1.355976425111294E-002
  3.333888016641140E-003
 -1.642189733684063E-002
  7.577043958008289E-003
  2.385520609095693E-003
 -8.217907510697842E-003
  7.814495824277401E-003
  5.282782949507236E-003
  8.666766807436943E-003
  9.064213372766972E-003
  2.519439347088337E-002
  4.186215996742249E-002
  1.576511771418154E-003
 -1.538704731501639E-003
 -2.773566916584969E-002
 -1.700666616670787E-003
  1.237520296126604E-002
 -4.438797477632761E-003
 -1.722119562327862E-002
 -9.405231475830078E-002
 -8.649392426013947E-002
 -3.772697178646922E-003
  2.152547007426620E-003
 -1.056418259395286E-004
  7.096760440617800E-003
  2.285622619092464E-002
  3.379217162728310E-002
  3.301139548420906E-002
  2.361695468425751E-002
 -5.649736151099205E-003
 -4.891132004559040E-003
 -9.515495039522648E-003
 -2.432371722534299E-003
  5.349396541714668E-002
 -5.472044274210930E-002
 -6.358795613050461E-002
 -2.228216826915741E-002
  5.366196390241385E-003
 -1.081100999726914E-004
  1.817272132029757E-004
 -1.368206176266540E-005
  5.275692790746689E-003
  3.046560846269131E-002
 -6.315801758319139E-003
 -7.292589289136231E-004
 -1.119732949882746E-002
 -2.007147110998631E-002
 -2.545794844627380E-002
 -1.226013153791428E-002
  1.028419355861843E-003
  1.625416986644268E-002
  1.735428906977177E-002
  1.387396361678839E-002
 -2.419723942875862E-002
  3.597121685743332E-003
 -1.262699253857136E-002
 -3.455505520105362E-002
 -4.015504964627326E-005
 -1.568310521543026E-002
 -2.817662432789803E-002
 -2.636167407035828E-002
 -3.985269460827112E-003
 -2.279593795537949E-002
 -1.703189685940742E-002
 -8.824671618640423E-003
 -5.832855775952339E-002
 -5.304909776896238E-003
  8.742536418139935E-003
  2.603714354336262E-003
 -2.811354771256447E-002
 -8.853171765804291E-002
 -0.113204360008240     
  1.330452039837837E-003
  9.861144237220287E-003
 -1.452561933547258E-002
 -2.495453134179115E-002
 -5.193442106246948E-002
 -5.208449065685272E-002
 -6.132369395345449E-003
 -5.169311538338661E-002
 -5.721510574221611E-002
 -5.232204124331474E-002
 -2.853774465620518E-002
 -1.634549582377076E-003
 -1.072205975651741E-002
 -6.888276338577271E-002
 -7.335691899061203E-002
 -1.566664315760136E-002
 -3.801138373091817E-003
 -1.433950848877430E-003
  1.126592746004462E-003
 -7.472930010408163E-004
 -1.918618800118566E-003
 -1.876099035143852E-002
 -7.650871761143208E-003
 -2.471132017672062E-002
 -8.474230766296387E-003
 -2.002957463264465E-002
 -9.884195402264595E-003
 -6.630588788539171E-003
 -2.166228555142879E-002
  2.513482607901096E-002
  1.945776864886284E-002
  4.866130184382200E-003
 -2.551128901541233E-002
 -1.856002770364285E-002
 -1.301702670753002E-002
 -5.082293972373009E-002
 -2.927493676543236E-002
 -5.942698940634727E-002
 -0.104192212224007     
 -4.403015971183777E-002
 -5.185458809137344E-002
 -7.735772430896759E-002
 -1.807867735624313E-002
 -3.951496910303831E-003
 -6.339636445045471E-002
 -2.997421473264694E-002
  2.256205677986145E-002
  1.406833413057029E-003
 -4.108294099569321E-002
 -2.650612778961658E-002
 -7.430753856897354E-002
 -1.544709969311953E-002
  1.572110317647457E-002
 -3.713344037532806E-002
 -3.470920771360397E-002
 -7.882550358772278E-002
 -0.158497467637062     
 -0.271528422832489     
 -0.224345028400421     
 -6.472909450531006E-002
 -5.692064017057419E-002
 -2.991144731640816E-002
 -4.151678876951337E-004
 -9.905281662940979E-002
 -5.300834402441978E-002
 -8.552414178848267E-002
 -5.840597674250603E-003
 -2.031715773046017E-002
 -2.236582338809967E-003
  2.436644164845347E-003
 -5.176410544663668E-003
 -1.168836746364832E-002
 -7.076656073331833E-002
 -1.541630830615759E-002
 -2.595148421823978E-002
 -9.310113266110420E-003
 -1.036172173917294E-002
 -3.519899444654584E-003
  4.836121515836567E-004
 -3.355728462338448E-002
  2.838946692645550E-002
  1.514454185962677E-002
  4.451070912182331E-003
 -4.821455571800470E-003
 -1.825895719230175E-002
 -3.102710237726569E-003
 -7.386191934347153E-002
 -5.113526806235313E-002
 -9.639829397201538E-002
 -0.175967335700989     
 -4.737648367881775E-002
 -9.324033558368683E-002
 -0.116096794605255     
 -1.446822751313448E-002
 -5.314652342349291E-003
 -6.206178665161133E-002
 -4.638876020908356E-002
 -3.434462845325470E-002
 -7.016057614237070E-003
 -6.290346384048462E-002
 -4.905337467789650E-002
 -2.593526989221573E-002
 -1.201962307095528E-002
  1.434907410293818E-002
 -4.383384808897972E-002
 -2.474499680101871E-002
 -7.670891284942627E-002
 -0.225220680236816     
 -0.426704645156860     
 -0.301203787326813     
 -5.892301350831985E-002
 -5.854793265461922E-002
 -1.651777327060699E-002
  1.181151401397074E-005
 -0.183718428015709     
 -4.656202718615532E-002
 -5.001687631011009E-002
 -1.461634878069162E-003
 -2.795429527759552E-002
 -1.510357484221458E-003
  3.561459481716156E-003
 -1.280741952359676E-002
 -2.619292773306370E-002
 -8.674558252096176E-002
 -3.433908149600029E-002
 -2.748862281441689E-002
 -3.956989166908897E-005
 -2.375292778015137E-002
  6.781571079045534E-003
  4.815330612473190E-004
 -2.165330946445465E-002
  1.749804429709911E-002
  6.137475837022066E-003
 -4.816072178073227E-004
 -1.431296230293810E-003
 -2.720573730766773E-002
 -3.083947114646435E-003
 -5.429714918136597E-002
 -2.734876237809658E-002
 -6.640380620956421E-002
 -0.149040386080742     
 -3.360950946807861E-002
 -7.007067650556564E-002
 -0.102433264255524     
 -1.532051432877779E-002
 -3.679515095427632E-003
 -4.981890320777893E-002
 -2.340821363031864E-002
 -5.044330283999443E-002
 -1.135432440787554E-002
 -6.326866149902344E-002
 -1.824196055531502E-002
  4.706429690122604E-002
 -1.176107861101627E-002
  1.094340998679399E-002
 -1.768928393721581E-002
 -1.230183802545071E-002
 -5.247603356838226E-002
 -0.145855858922005     
 -0.264182209968567     
 -0.202809363603592     
 -3.788007423281670E-002
 -3.928015008568764E-002
 -7.266625761985779E-003
 -5.844228900969028E-003
 -0.204273521900177     
 -8.405589498579502E-003
  1.312889251857996E-002
  6.025661714375019E-003
 -1.383367087692022E-002
 -7.908647530712187E-004
  1.252386253327131E-003
 -1.544000022113323E-002
 -3.048231825232506E-002
 -7.914050668478012E-002
 -4.000931978225708E-002
 -3.366806358098984E-002
 -3.071662271395326E-003
 -3.028702549636364E-002
  7.466413080692291E-003
  1.182421110570431E-003
 -1.748241111636162E-002
 -2.980818040668964E-002
 -1.209263503551483E-002
 -2.045280486345291E-002
 -5.804880522191525E-003
 -2.956609055399895E-002
 -4.861522000283003E-003
 -3.473980119451880E-003
  2.555399201810360E-003
 -4.787086043506861E-003
 -4.552770778536797E-002
 -1.572076603770256E-002
 -2.077882736921310E-002
 -3.750856593251228E-002
 -9.412538260221481E-003
 -6.371719762682915E-003
 -5.088603124022484E-003
 -1.557417563162744E-003
 -2.913367561995983E-002
 -8.348342031240463E-003
 -6.207437813282013E-002
  1.480826456099749E-002
  7.862113416194916E-002
  2.359472680836916E-003
  5.564656108617783E-003
  7.967704907059669E-003
 -3.845721948891878E-003
 -1.184444781392813E-002
 -1.394238416105509E-002
  9.947125799953938E-003
  1.595695316791534E-002
 -1.863777637481689E-002
 -1.474816352128983E-002
 -1.079441397450864E-003
 -6.357486825436354E-003
 -0.233481451869011     
 -1.444570370949805E-003
  5.619236081838608E-002
  9.945246390998363E-003
  2.332376549020410E-003
  9.676093759480864E-005
 -8.608220377936959E-004
 -3.298300784081221E-003
 -9.794411249458790E-003
 -2.603646367788315E-002
 -1.477779727429152E-002
 -1.809067279100418E-002
 -1.005693571642041E-003
 -1.418412383645773E-002
  5.727547104470432E-004
 -9.781221160665154E-004
 -3.350504906848073E-003
 -5.269326642155647E-002
 -2.854743599891663E-002
 -3.760613873600960E-002
 -1.634058542549610E-002
 -2.425426989793777E-002
 -9.940629824995995E-003
  2.414192445576191E-002
  1.078683044761419E-002
  2.121877297759056E-002
  5.422711744904518E-002
  8.978137746453285E-003
  2.108381874859333E-002
  2.573472261428833E-002
  8.026423747651279E-004
 -1.248771091923118E-003
  1.334140310063958E-003
  1.134328357875347E-002
 -1.056525576859713E-002
 -1.392768754158169E-004
 -1.573982089757919E-002
  7.510884106159210E-002
  9.734388440847397E-002
 -1.525920629501343E-002
 -1.760649261996150E-003
  2.338873222470284E-002
  8.492515422403812E-003
  2.635610289871693E-002
  8.164032548666000E-002
  0.130726024508476     
  0.101525992155075     
  1.182158570736647E-002
  8.211522363126278E-003
  5.113407503813505E-003
 -1.016578753478825E-003
 -0.186339333653450     
 -5.472393706440926E-003
  5.522966012358665E-002
  9.679190814495087E-003
  8.561212569475174E-003
  8.551666978746653E-004
  3.476815982139669E-005
  1.815378665924072E-003
  5.059973336756229E-003
  2.719448879361153E-002
  1.025113184005022E-002
  2.637004246935248E-003
 -6.972759962081909E-003
 -8.656241931021214E-003
 -1.524333097040653E-002
 -5.513939075171947E-003
  1.518612843938172E-003
 -3.127609938383102E-002
 -1.767029426991940E-002
 -2.685557305812836E-002
 -2.495606243610382E-002
 -4.349351394921541E-003
 -2.777164801955223E-003
  3.905250877141953E-002
  1.288709230720997E-002
  2.985906228423119E-002
  7.685201615095139E-002
  2.502220496535301E-002
  3.354103490710258E-002
  5.274017900228500E-002
  1.040390599519014E-002
  5.623201373964548E-003
  3.604258224368095E-002
  1.454717107117176E-002
 -1.486895699054003E-002
 -4.481521900743246E-003
 -1.279695332050323E-002
  5.450302362442017E-002
  3.702668845653534E-002
 -1.028807274997234E-002
 -1.299282442778349E-002
  3.119915537536144E-002
  2.326006814837456E-002
  4.914891347289085E-002
  0.102343365550041     
  0.148498639464378     
  0.118138872087002     
  4.183928668498993E-002
  3.136922046542168E-002
  1.124862022697926E-002
  3.692145983222872E-004
 -4.044392332434654E-002
 -2.934299223124981E-002
  6.922505050897598E-002
  1.390650682151318E-002
  9.028467349708080E-003
  1.153892022557557E-003
  1.276189577765763E-003
  2.146849641576409E-003
  9.178728796541691E-003
  4.059680178761482E-002
  2.286554686725140E-002
  2.051840908825397E-002
  6.147145759314299E-003
 -1.001815311610699E-003
 -4.289378412067890E-003
 -5.383848678320646E-003
  1.360055245459080E-002
 -1.257786434143782E-002
 -1.166408602148294E-002
 -1.777238026261330E-002
 -2.767825499176979E-002
  1.536980923265219E-002
 -9.675339097157121E-004
  4.147344827651978E-002
  1.337931957095861E-002
  3.069867566227913E-002
  8.150825649499893E-002
  3.026002086699009E-002
  3.691703453660011E-002
  6.063195690512657E-002
  2.014808170497417E-002
  1.105688046664000E-002
  5.568348988890648E-002
  1.561650261282921E-002
 -5.680875852704048E-003
 -2.505498006939888E-003
 -2.105019427835941E-002
 -5.897252261638641E-002
 -4.896849766373634E-002
 -2.878601290285587E-002
 -2.011363208293915E-002
  3.175289556384087E-002
  3.096014820039272E-002
  5.846904590725899E-002
  0.102890320122242     
  0.151889234781265     
  0.119887299835682     
  4.717904329299927E-002
  4.374571517109871E-002
  1.361698657274246E-002
 -1.319253700785339E-003
  3.005776740610600E-002
 -5.867235362529755E-002
  9.563034772872925E-002
  1.880891434848309E-002
  1.005957555025816E-002
  1.260642078705132E-003
  1.505789114162326E-003
  2.443429781123996E-003
  1.030521187931299E-002
  4.265858978033066E-002
  2.846026979386806E-002
  2.271756343543530E-002
  1.141734980046749E-002
  1.463427394628525E-002
  9.653979912400246E-003
 -3.076911671087146E-003
  2.381463907659054E-002
 -5.464332643896341E-003
 -1.036476530134678E-002
 -1.117142010480165E-002
 -2.688298746943474E-002
  2.856306917965412E-002
  1.777459122240543E-002
  3.033660911023617E-002
  7.269862107932568E-003
  2.368105389177799E-002
  3.410969674587250E-002
  1.488919649273157E-002
  2.303262241184711E-002
  6.129236146807671E-002
  1.026480179280043E-002
  6.500496994704008E-003
  6.167295575141907E-002
  7.097028661519289E-003
  9.341519325971603E-003
 -1.884722267277539E-003
 -2.021322585642338E-002
 -7.933944463729858E-002
 -8.262215554714203E-002
 -3.599390387535095E-002
 -2.325083315372467E-002
  1.155804190784693E-002
  2.096809074282646E-002
  4.079161211848259E-002
  6.464304774999619E-002
  9.225678443908691E-002
  5.077304691076279E-002
  3.388563543558121E-002
  3.413558006286621E-002
  6.003099028021097E-003
  7.203166023828089E-004
  0.142829388380051     
 -6.010286882519722E-002
 -5.599944666028023E-002
  1.784667139872909E-003
  7.436459884047508E-003
 -3.913872060365975E-004
 -3.009061794728041E-003
  1.431226381100714E-003
  5.351237021386623E-003
  2.293154969811440E-002
  5.060041788965464E-003
  1.603803597390652E-002
  9.262271225452423E-003
  1.559768151491880E-002
  1.277016941457987E-002
 -1.731232856400311E-003
  1.471963431686163E-002
 -2.619799971580505E-002
 -7.869113236665726E-003
 -1.225841511040926E-002
 -1.107023935765028E-002
  4.591948911547661E-002
  3.192719817161560E-002
  2.559172548353672E-002
  6.242418196052313E-003
  1.975965499877930E-002
  3.000735864043236E-002
  1.305712852627039E-002
  2.188800834119320E-002
  5.806491151452065E-002
  8.053704164922237E-003
  5.774764809757471E-003
  5.734473839402199E-002
  6.088315974920988E-003
 -1.449087634682655E-003
 -1.789045054465532E-003
  3.680804045870900E-003
 -5.159161984920502E-002
 -5.505638942122459E-002
 -1.896174997091293E-002
 -1.616656966507435E-002
  1.005959790199995E-002
  1.821721345186234E-002
  3.765499219298363E-002
  5.556941777467728E-002
  7.838869839906693E-002
  4.328189790248871E-002
  3.148808330297470E-002
  3.157532960176468E-002
  5.447919014841318E-003
  4.161034303251654E-004
  0.153564453125000     
 -1.311051938682795E-002
 -5.070275440812111E-002
 -7.802714593708515E-003
  6.475736387073994E-003
 -3.148542891722172E-004
 -4.870189353823662E-003
  1.053491258062422E-003
  4.568629898130894E-003
  2.021224610507488E-002
  2.121889265254140E-003
  1.503190211951733E-002
  9.357764385640621E-003
  1.394483260810375E-002
  8.869823999702930E-003
 -1.648447243496776E-003
  1.553877070546150E-002
 -2.036412805318832E-002
  2.960984362289310E-003
  5.935602355748415E-003
 -7.622910197824240E-003
  2.973370812833309E-002
  1.636091619729996E-002
  1.969994232058525E-002
  6.353499367833138E-003
  1.906957104802132E-002
  2.794630825519562E-002
  9.510577656328678E-003
  2.374455146491528E-002
  6.182964146137238E-002
  5.278745666146278E-003
  1.467818743549287E-003
  3.553827106952667E-002
  5.996309686452150E-003
 -7.513027521781623E-004
 -3.251601709052920E-003
 -1.827150117605925E-003
 -6.535438448190689E-002
 -4.146645963191986E-002
 -2.782860770821571E-002
 -1.027404516935349E-002
  8.345746435225010E-003
  1.400770898908377E-002
  3.869313374161720E-002
  5.645487830042839E-002
  7.657670229673386E-002
  4.131497815251350E-002
  2.240016683936119E-002
  2.876698225736618E-002
  2.396034309640527E-003
 -3.504870110191405E-004
  0.140308082103729     
 -2.989224344491959E-002
 -6.286386400461197E-002
 -1.038301922380924E-002
  6.157769821584225E-003
 -6.365737644955516E-004
 -5.548338405787945E-003
  5.595163092948496E-004
  4.441679455339909E-003
  2.207775041460991E-002
 -1.519496901892126E-003
  1.492377556860447E-002
  5.076662637293339E-003
  6.980801001191139E-003
 -2.484402386471629E-003
 -4.267157055437565E-003
  1.522864215075970E-002
  4.643311549443752E-004
  1.342770364135504E-002
  3.483271226286888E-002
 -1.203150581568480E-002
  2.009852975606918E-002
  6.230886094272137E-003
 -5.586128681898117E-004
  4.345558118075132E-003
  9.025208652019501E-003
  8.222738280892372E-003
 -4.633135395124555E-004
  1.352218165993690E-002
  3.362687677145004E-002
 -1.216407632455230E-003
 -7.249953690916300E-003
 -2.775382250547409E-002
  3.558633616194129E-003
  4.246394149959087E-003
  3.106689837295562E-004
 -1.230479311197996E-002
 -7.455258816480637E-002
 -4.364491626620293E-002
 -5.531926290132105E-004
  2.160821808502078E-003
  1.534015056677163E-003
 -5.736678722314537E-004
  1.363999303430319E-002
  2.776859328150749E-002
  5.354912206530571E-002
  2.551104500889778E-002
 -6.495372392237186E-003
  1.680760877206922E-003
 -6.518018897622824E-003
 -5.439564120024443E-004
  7.967078685760498E-002
 -5.414532497525215E-002
 -6.224001944065094E-002
 -7.054289802908897E-003
  3.277649870142341E-003
 -1.400573411956429E-003
 -1.287403283640742E-003
 -3.958471279474907E-005
  2.394811948761344E-003
  1.958673074841499E-002
 -3.796285949647427E-003
 -1.142532782978378E-004
 -9.281774982810020E-003
 -8.510281331837177E-003
 -1.898255012929440E-002
 -6.597452331334352E-003
  4.245579708367586E-003
  2.502379007637501E-002
  1.979735307395458E-002
  4.319005087018013E-002
 -1.462468504905701E-002
  2.158370101824403E-003
 -7.365312892943621E-003
 -3.541659563779831E-002
 -4.663032479584217E-003
 -2.017322741448879E-002
 -3.995044529438019E-002
 -1.893982291221619E-002
 -1.254176720976830E-002
 -2.903201617300510E-002
 -9.131502360105515E-003
 -1.323990337550640E-002
 -6.970702856779099E-002
 -8.384983055293560E-003
  1.028648857027292E-002
  5.873093381524086E-003
 -1.838967204093933E-002
 -6.679078936576843E-002
 -5.669226124882698E-002
  1.091129798442125E-002
  1.214632112532854E-002
 -1.730618998408318E-002
 -2.252342179417610E-002
 -4.669519141316414E-002
 -0.105851963162422     
 -5.504045635461807E-002
 -5.101973563432693E-002
 -3.877471014857292E-002
 -3.750356659293175E-002
 -1.846359111368656E-002
  6.777368253096938E-004
  5.719794426113367E-003
 -5.757806450128555E-002
 -7.494040578603745E-002
 -6.597202271223068E-003
 -6.980982143431902E-003
 -2.574904821813107E-003
  9.701729868538678E-004
 -8.048702729865909E-004
 -3.225091146305203E-003
 -1.041029952466488E-002
 -8.143624290823936E-003
 -1.773964427411556E-002
 -1.255895104259253E-002
 -1.733140647411346E-002
 -1.967436261475086E-002
 -4.250513389706612E-003
 -1.839226670563221E-002
  3.435254842042923E-002
  1.978827826678753E-002
  2.785686589777470E-002
 -1.181578636169434E-002
 -1.194298360496759E-002
 -4.639127757400274E-003
 -6.469210237264633E-002
 -3.356621041893959E-002
 -6.818824261426926E-002
 -0.106254465878010     
 -3.062841109931469E-002
 -4.582025483250618E-002
 -7.339660823345184E-002
 -1.233220938593149E-002
 -9.829388931393623E-003
 -6.241704523563385E-002
 -3.822171315550804E-002
  1.904681138694286E-002
  3.853752277791500E-003
 -3.111748024821281E-002
 -3.497176617383957E-002
 -3.831706196069717E-002
  4.200442228466272E-003
  1.555405184626579E-002
 -4.356201738119125E-002
 -3.461814299225807E-002
 -8.120829612016678E-002
 -0.225092336535454     
 -0.304309874773026     
 -0.226502567529678     
 -5.019819363951683E-002
 -5.100620537996292E-002
 -1.960071921348572E-002
  1.221215119585395E-003
 -9.734874963760376E-002
 -3.198442235589027E-002
 -6.898429244756699E-002
 -1.955658954102546E-004
 -1.765354909002781E-002
 -3.093115985393524E-003
  1.766555593349040E-003
 -5.908737890422344E-003
 -1.130706444382668E-002
 -5.977347865700722E-002
 -1.599274389445782E-002
 -2.329066023230553E-002
 -8.684588596224785E-003
 -1.258624438196421E-002
 -9.547661058604717E-003
 -2.663848223164678E-003
 -2.778246067464352E-002
  3.429585322737694E-002
  1.442875619977713E-002
  6.553410086780787E-003
 -5.365353543311357E-003
 -1.598675176501274E-002
  5.518331192433834E-003
 -7.889343053102493E-002
 -5.106070265173912E-002
 -9.925381839275360E-002
 -0.146563664078712     
 -3.189711272716522E-002
 -6.861200183629990E-002
 -0.101338155567646     
 -1.582003198564053E-002
 -6.851662416011095E-003
 -5.737880989909172E-002
 -4.896800592541695E-002
 -3.628476522862911E-003
 -4.396233707666397E-003
 -5.142364650964737E-002
 -3.117822110652924E-002
 -9.853589348495007E-003
 -9.968301746994257E-004
  1.459385454654694E-002
 -5.485493317246437E-002
 -3.095953352749348E-002
 -7.619252800941467E-002
 -0.242414101958275     
 -0.417430877685547     
 -0.295811563730240     
 -4.608117416501045E-002
 -4.574600607156754E-002
 -1.285360474139452E-002
  5.838911747559905E-004
 -0.179089516401291     
 -8.145976811647415E-003
 -4.046842828392982E-002
  2.473053522408009E-003
 -1.868697069585323E-002
 -3.052964340895414E-003
  1.934914616867900E-003
 -1.239889580756426E-002
 -1.863063126802444E-002
 -8.411566913127899E-002
 -3.239024803042412E-002
 -2.976605482399464E-002
 -4.198216367512941E-003
 -2.514378353953362E-002
  1.602177158929408E-003
 -4.014547448605299E-003
 -2.152631059288979E-002
  1.557129784487188E-003
  3.679974179249257E-005
 -7.264600135385990E-003
 -7.328542415052652E-003
 -2.053524181246758E-002
  2.571717137470841E-003
 -5.372307077050209E-002
 -3.067701682448387E-002
 -6.689750403165817E-002
 -0.118272826075554     
 -2.308205515146255E-002
 -6.347216665744781E-002
 -0.102013975381851     
 -1.557684969156981E-002
 -6.365536246448755E-003
 -3.984059020876884E-002
 -2.736635319888592E-002
 -3.006327338516712E-002
 -6.420801393687725E-003
 -4.930178448557854E-002
  2.179297432303429E-002
  3.871360421180725E-002
  1.570910215377808E-003
  1.104085147380829E-002
 -3.348214924335480E-002
 -2.127496339380741E-002
 -4.380700364708900E-002
 -0.146559834480286     
 -0.252081483602524     
 -0.186580210924149     
 -3.140030428767204E-002
 -2.961328625679016E-002
 -6.483974400907755E-003
 -3.575972979888320E-003
 -0.206861153244972     
  1.404308830387890E-003
  1.289510354399681E-002
  5.447936709970236E-003
 -7.788007147610188E-003
 -1.956284046173096E-003
 -2.254947787150741E-003
 -9.971886873245239E-003
 -1.737846620380878E-002
 -6.973619759082794E-002
 -3.649914264678955E-002
 -3.566228598356247E-002
 -7.274514529854059E-003
 -3.121036849915981E-002
  3.029910149052739E-003
 -3.241490572690964E-003
 -1.941096223890781E-002
 -5.113747715950012E-002
 -2.301469258964062E-002
 -2.160608209669590E-002
 -1.486031245440245E-002
 -2.684179507195950E-002
 -5.884748417884111E-003
 -8.052791468799114E-003
 -2.473889151588082E-003
 -9.583309292793274E-003
 -3.976019844412804E-002
 -1.024986151605844E-002
 -2.880063280463219E-002
 -5.342790856957436E-002
 -9.106442332267761E-003
 -3.788480069488287E-003
 -2.623360231518745E-002
 -1.023101038299501E-003
 -8.997267112135887E-003
 -3.614381421357393E-003
 -4.268879443407059E-002
  3.500938788056374E-002
  8.433235436677933E-002
  2.021567430347204E-003
  4.753599409013987E-003
 -4.051893018186092E-003
 -1.014398131519556E-002
 -9.429188445210457E-003
 -2.440426126122475E-002
 -1.353880070382729E-004
  1.649780315347016E-003
 -1.408827863633633E-002
 -1.242328621447086E-002
 -2.264940645545721E-003
 -4.684272222220898E-003
 -0.227714151144028     
 -1.809131540358067E-002
  5.605198815464973E-002
  9.816524572670460E-003
  3.286808496341109E-003
 -8.062015403993428E-004
 -4.060762934386730E-003
 -9.364823345094919E-004
 -4.909015726298094E-003
 -2.288511581718922E-002
 -1.384160760790110E-002
 -1.739343069493771E-002
 -6.230160128325224E-003
 -1.695390790700912E-002
 -1.232851063832641E-003
 -3.126573283225298E-003
 -1.310841925442219E-002
 -6.844883412122726E-002
 -3.848247602581978E-002
 -2.990814298391342E-002
 -1.937741786241531E-002
 -1.904562488198280E-002
 -1.225313637405634E-002
  2.477725222706795E-002
  1.029994804412127E-002
  2.656043693423271E-002
  3.108360059559345E-002
  3.965124022215605E-003
  6.826634518802166E-003
  1.036332920193672E-002
 -7.588841835968196E-004
 -1.224459847435355E-003
 -1.419858075678349E-002
  1.367968786507845E-002
 -1.211857050657272E-002
  3.896171110682189E-004
 -2.129982225596905E-002
  4.867116361856461E-002
  0.110525719821453     
 -5.453044548630714E-003
 -2.426286228001118E-003
  1.784483157098293E-002
  3.402401925995946E-003
  2.189853228628635E-002
  6.479825079441071E-002
  0.135086268186569     
  9.912907332181931E-002
  8.289694786071777E-003
  8.344255387783051E-003
  1.764340791851282E-003
 -8.162917220033705E-004
 -0.190188959240913     
 -2.708087302744389E-002
  7.785886526107788E-002
  1.492695230990648E-002
  7.977013476192951E-003
 -1.524934632470831E-004
 -2.186115365475416E-003
  2.409693552181125E-003
  3.956190776079893E-003
  2.557238936424255E-002
  9.315180592238903E-003
  6.301038432866335E-003
 -4.655480850487947E-003
 -9.533487260341644E-003
 -1.169760618358850E-002
 -4.890351556241512E-003
 -2.344832057133317E-003
 -3.949081152677536E-002
 -3.126785531640053E-002
 -2.765138447284698E-002
 -1.701569184660912E-002
 -2.010939177125692E-003
 -1.304130908101797E-002
  4.204368591308594E-002
  1.341555453836918E-002
  3.757215291261673E-002
  6.182662397623062E-002
  1.392624340951443E-002
  2.492405101656914E-002
  5.269664153456688E-002
  6.677064113318920E-003
  2.795868786051869E-003
  2.449949271976948E-002
  1.753210090100765E-002
 -8.487307466566563E-003
 -4.725597682408988E-004
 -1.148596033453941E-002
  2.830014564096928E-002
  6.051183119416237E-002
 -8.660184219479561E-003
 -1.238724216818810E-002
  2.812822721898556E-002
  1.558096893131733E-002
  3.974233195185661E-002
  8.883649855852127E-002
  0.153160139918327     
  0.109077282249928     
  2.886886522173882E-002
  2.540846541523933E-002
  5.555361974984407E-003
  9.834128431975842E-004
 -6.733730435371399E-002
 -5.531057342886925E-002
  9.993351995944977E-002
  1.631568185985088E-002
  9.086698293685913E-003
  1.695948449196294E-004
 -8.822959498502314E-004
  2.724208869040012E-003
  6.866207811981440E-003
  3.413367271423340E-002
  2.137812413275242E-002
  2.149758115410805E-002
  5.554699804633856E-003
  7.599894888699055E-004
 -1.573148882016540E-003
 -4.206882324069738E-003
  1.227108575403690E-002
 -1.791108585894108E-002
 -2.328384295105934E-002
 -1.058299001306295E-002
 -2.328776381909847E-002
  1.608462259173393E-002
 -2.060801256448030E-003
  4.670359939336777E-002
  1.402967702597380E-002
  3.899323940277100E-002
  6.859380751848221E-002
  1.683320105075836E-002
  2.976088598370552E-002
  6.482067704200745E-002
  1.177585497498512E-002
  6.397225894033909E-003
  6.030412390828133E-002
  1.805985532701015E-002
 -6.009941920638084E-003
  3.956270811613649E-004
 -9.822842665016651E-003
 -2.646046504378319E-002
 -8.434775285422802E-003
 -3.824268700554967E-003
 -1.866744458675385E-002
  2.864320203661919E-002
  1.953558996319771E-002
  4.495711997151375E-002
  9.055468440055847E-002
  0.154323980212212     
  0.108204856514931     
  3.745407983660698E-002
  3.383335471153259E-002
  7.646996527910233E-003
  4.008074465673417E-004
  4.681870632339269E-004
 -7.175171375274658E-002
  8.165003359317780E-002
  1.718858815729618E-002
  9.984403848648071E-003
  3.050569212064147E-004
 -7.572420872747898E-004
  2.939629834145308E-003
  7.710562087595463E-003
  3.450162708759308E-002
  2.761632017791271E-002
  2.341357059776783E-002
  1.098087709397078E-002
  1.546046230942011E-002
  9.989432059228420E-003
 -1.957720145583153E-003
  1.906794495880604E-002
 -1.201098039746284E-002
 -2.048261091113091E-002
 -1.370086334645748E-002
 -2.401675842702389E-002
  3.068809770047665E-002
  1.038601994514465E-002
